# Created by Octave 6.4.0, Fri Dec 17 13:00:31 2021 CET <thinnerichs@Balin>
# name: infoFMRI
# type: scalar struct
# ndims: 2
 1 1
# length: 20
# name: group
# type: string
# elements: 1
# length: 1
1


# name: day
# type: string
# elements: 1
# length: 1
7


# name: names
# type: cell
# rows: 1
# columns: 1
# name: <cell-element>
# type: sq_string
# elements: 1
# length: 9
tempmat_1





# name: matrix
# type: matrix
# rows: 98
# columns: 98
 0 0.086997718135286312 0.10371509596086662 0.073611036960807438 0 0.043153434986599334 0 0 0.10440187231989954 0.054202001590291142 0.12907489135564812 0 0.08917580115897325 0.046711252152338407 0.061431162787195327 0.074147995905150768 0.13455293229214321 0 0 0.15773812192967074 0 0.2460037003703909 0.17362794777135099 0.050312166307848696 0.050900209472733306 0.1105192962333484 0.13257213397965947 0.23902418799307334 0.13013813986727429 0.047228626489716624 0.10798308022515275 0.14127793833186611 0.11204552034080593 0.073559559961363125 0.026696168665835397 0.023120744830225588 0.085586271849755979 0.035798709288236759 0.053026388761384415 0.059969726832810009 0.071891182979439361 0.048562167221342656 0 0.11130717117159117 0.24082521679332494 0.12436476282540339 0.031164992377726752 0.13235692166688959 0.12952821843341586 0 0.13495378149295781 0.15321207005991633 0.14694898123811634 0.03981222194169181 0.16448820098362499 0.14264375172133328 0.069918071163479645 0.080782089165034751 0.01569042511343904 0.063929948590456476 0.12656239364219701 0.086116800684650954 0.09768728334641831 0 0.069019781559765625 0.22172407647434159 0.11930165401239065 0.046865454093263328 0.065634637278061153 0 0.10297824433309069 0.015689284565453088 0.049158161112472169 0.083165998403769079 0 0.11922193528191831 0.26458704005102129 0.081928915001093006 0 0 0.075153001102596109 0 0.13810393785404138 0.031240231209614774 0.22468573060063093 0.046350752334873568 0.01461918756087279 0 0.099143244554366433 0.098292265657138056 0.13875628156083 0.11718786024248942 0 0 0.046749613416326344 0.038593378292508473 0.12674756729145822 0.12927009465223149
 0.086997718135286312 0 0.066016201073469324 0.056159320631548701 0 0.033836188392764713 0.022196590057594695 0.083019109204590574 0.028932021487636971 0 0.11745258429434452 0.015869005823277462 0.07030568728715976 0.028961438613395125 0.057163369133710458 0.012422639637464625 0.18628022626079782 0.078234655997634836 0.13877139980643874 0.13474236314738613 0 0.11226436207205159 0.068907143656800729 0.027869233107105523 0.14729678906159843 0.022354654877251617 0.097897435583383693 0.016529871065983821 0.16144112604567137 0.07829684928575957 0.092685540884416565 0.026601079911006818 0.10686994263573321 0.027111756246409404 0.047587865207421462 0.19479513805334087 0.07993269371123006 0.20445804586836816 0.070080183027473653 0.077115348205749321 0.18215576570667896 0.035549369862246549 0.016800307538434631 0.18357461708898118 0.14406395982012588 0.026852364791110851 0.094491659478908238 0.096212201227771924 0.0525637828886453 0.050477427850251368 0.31101531075614475 0.24891541090518793 0.14210257209794935 0.043203557400167431 0.22195539108764514 0.064060753350968641 0.09372240584601535 0.082698002386313779 0.17060457139110877 0.049764104512376652 0.06659807108620891 0.11983059555279191 0.043248628045587323 0 0.1238804985621114 0 0.09766560491495431 0.14658267467256994 0.055105514932952619 0 0.034756187203179988 0.12474684182340728 0.018848835798932186 0.048546066832360735 0 0.14713709015268137 0.056692697232365183 0.19471115780083359 0.15320724157863974 0.15494516209678055 0.051672415222014642 0.022294682639114504 0.031269100952566575 0.10850982825371228 0.038326215089652414 0.053074817718214588 0.10656327281941694 0 0.10453534120145169 0.12224690822919282 0 0.10105979568519237 0.1341248657784031 0.037941106067582109 0.099145106556404988 0.11433714809818163 0.14963955112744895 0.13070463739385593
 0.10371509596086662 0.066016201073469324 0 0.077386543278878756 0 0 0.080075215743885278 0.014789664283149489 0 0.16669801365180215 0.065190650176027598 0.20264670406393029 0.051867590133311992 0.083990873413280834 0.032350879538818891 0 0.064186525378615147 0.08682003967463417 0.1461467010146183 0.070132173616594434 0 0.12526261657599594 0.060501505375170371 0.064246705152732619 0.016467564184143569 0.10637164665908135 0.050439311342416512 0.065160330146431855 0.012207977309297714 0.22677286104013306 0.026605008034944103 0.036768409958673615 0.21987049323119207 0.01442257258478922 0.036906970777516875 0.020073632489797065 0.041552487153449086 0.21778579321327765 0.10017802466076955 0.03276908149151174 0.029696378208417883 0.21280074440159555 0.083593858536065185 0 0.055412191251728637 0.085629690576605522 0.043587403361080093 0.03180519747289131 0.036682594847889161 0.13276358400236121 0.075823055825373312 0.038535001779869425 0.019159833613583293 0.13015272698523872 0.074875329602556287 0.045764783798094649 0.054838275021380369 0.11409141173046361 0.039018967834793826 0.078175636452645289 0.14695390480697187 0 0.052363633531138792 0 0.056431834180833217 0.10283893091079503 0.12079425886134319 0.095916947406300551 0.058271288907430316 0 0.051148611578000026 0.052637558754370248 0.048022719226428805 0.16648367896689248 0 0.053259164008644513 0.096228740239325566 0 0.027556048256486842 0.060204212825689975 0.2057033873120889 0.13558199040344016 0.1591135720589095 0.090712955718600441 0.02066086675270315 0 0.068283721918484724 0 0.019598814877593369 0.14121296058548896 0.037326855159608013 0.2190066710645433 0.019781801945622766 0.10443011979844589 0.061366499972780021 0.02880669432993364 0.19201070577693938 0.030201079605235558
 0.073611036960807438 0.056159320631548701 0.077386543278878756 0 0 0.028683696742807609 0 0.016114246504782364 0.038055902595577555 0.050257045933044329 0.016713372087671523 0.091521265065959687 0.03167368040837315 0.058155108356934791 0.045370502613579167 0.1572787596303904 0.25292854189596953 0.20374704120682785 0.14616472057959318 0.17445317202077837 0 0.062997317623137497 0.22599486521992043 0.12931807129585007 0.056160807788875514 0.071063386166973788 0.32811513873947967 0.065899388972658776 0.31384712135803633 0.15553233676740832 0.047787056454351835 0.19840252290237609 0.19407089915286024 0.11991088521239045 0.060863855136628203 0.039476934527627495 0.10012911888527366 0.13613475236927397 0.082713606723654562 0.3027825532663948 0.15892039477092876 0.20166906438348059 0.14080783614287962 0.37193743451987216 0.015283574747744192 0.17662879382565655 0.13898670973924659 0 0.06555901557096025 0 0.092673305950924351 0.021560039767542109 0.1287914576911835 0.085714359217206784 0.12223589805571421 0.046600263706142682 0.072168004072333203 0.067343217957422152 0 0.12522868774463367 0.096299805429028953 0.06596532997613043 0.23663357885796429 0 0.095808321102614627 0.069338388701556758 0 0.02303181319479515 0.18782587089141409 0 0.20459272246640653 0.13370883748014789 0.040384568951324994 0 0 0.31486832318926844 0.13076542653124582 0.27947577436034376 0.086641451529302457 0.14591727525349249 0.12533787344088351 0.16365965805403648 0 0.019156897574236633 0.034622780648861436 0 0 0 0.32387193321484642 0.15639373510319723 0.15546653566843951 0.024308259600782298 0.06928009586519436 0.061158357228050804 0.049827425195719838 0.075938087531132764 0.13143994850779323 0
 0 0 0 0 0 0 0 0 0 0 0 0 0 0 0 0 0 0 0 0 0 0 0 0 0 0 0 0 0 0 0 0 0 0 0 0 0 0 0 0 0 0 0 0 0 0 0 0 0 0 0 0 0 0 0 0 0 0 0 0 0 0 0 0 0 0 0 0 0 0 0 0 0 0 0 0 0 0 0 0 0 0 0 0 0 0 0 0 0 0 0 0 0 0 0 0 0 0
 0.043153434986599334 0.033836188392764713 0 0.028683696742807609 0 0 0.052289419473470093 0.082454141799352815 0.15222669015249915 0.034595122000015667 0.25762286753408659 0.25152843941973063 0.090868351021173382 0 0.19475577579889225 0.35084773707678363 0.034189833983426468 0.087254938051761308 0.018175902288841202 0.11709020107394827 0 0.1167858260576484 0.14762634350806181 0.018688803235507961 0.236494429674456 0.093317813912403805 0 0.12849421963715352 0 0.017065597240187434 0.2251296760499725 0.11177724043510709 0.029582193519487408 0.023589804243014489 0.20513498055410934 0.16131769997973711 0.080906220268876533 0.084564766921283743 0.34114624528543475 0.014303873341894993 0.041547528470102263 0.068602000519309411 0.01674060744369282 0 0.17209927401494726 0.079553912716455899 0.121419743989714 0.16070533680537963 0.15088638933480622 0.083286824299815626 0.22671237949476911 0.072429736927253352 0.023655894459832461 0.22611061803249802 0 0.10043228837329113 0.12685996940413552 0.021583673304099084 0.11334369180034988 0.19376757495866528 0.21400640171301274 0.10320078238964027 0.16916988548895226 0 0.043254199173547871 0 0.30336938988666368 0.12537910216622361 0.051700849544941821 0 0.24119484567128174 0.10359488770779854 0.071956146582061009 0.074222833050981624 0 0 0.073400904002898434 0.033725856971460126 0.23045849591764361 0.047207283935263286 0.07797262282472979 0.088434733671667862 0.048751032115720551 0.057776684983988393 0.09789887305576904 0.18600747891033534 0.040741232478882221 0 0.026925601898595733 0.12005993367281366 0 0.033507525310458475 0.12568561419869906 0.15184213093528007 0.012734432956992564 0.087295948140844473 0.048876548915686872 0.026761534059362421
 0 0.022196590057594695 0.080075215743885278 0 0 0.052289419473470093 0 0.026116847764019142 0.17469643708088653 0.050445556029318772 0.03126339166978475 0.022696510176764863 0.25009773415243136 0 0.17882571089080163 0.060624098646179146 0.036704484973835133 0.013600272789638899 0.041005635191045393 0 0 0 0.090024373216923609 0.01677679324932466 0.043586478383640506 0.072772940334522002 0.15786814489255888 0.10759381808860374 0.11945356771537795 0.22358051015431246 0.17645299056928854 0.26542499811244313 0.072259848948454219 0.018160801837770205 0.057836756109295812 0.16035640572281515 0.13780893043824197 0.058470542199252934 0.098878456473766349 0.17654806615121874 0.11832563059467067 0.18235305673081914 0.25777876159633983 0.10989938079401257 0.065840216719462913 0.053046123900609435 0.17084637923585083 0.056742574218512719 0.034795291334342504 0.048315125488561879 0.067448422783569467 0.014623491955912992 0.19750835342011802 0.13541235209985067 0.19444117881709302 0.047055098775048883 0.03377188725012522 0.043027582308822809 0.099994782081616981 0.035265392395587153 0.24454481269396763 0.090476520463162555 0.13039122068054596 0 0.042433828882376179 0.081129084410655986 0.04666860711911891 0 0.056489234174012921 0 0.11823030218396832 0.13309832430935103 0.069054344925217989 0.04377452759049532 0 0.13496837776186166 0.030532157325289477 0.14603761755524847 0.055655640407936517 0 0.047428375049779876 0.030804872397360052 0 0.069895874741691996 0.066666093776342764 0 0.040514163840649008 0 0.14346125859023059 0.13087026994776901 0.13482882842414204 0.019063467865403604 0.16303149714443166 0 0.022373595535435369 0.036192251051617143 0.069491088342125917 0.026433863751107671
 0 0.083019109204590574 0.014789664283149489 0.016114246504782364 0 0.082454141799352815 0.026116847764019142 0 0 0.11368936553783705 0 0 0.10567258314874475 0.112772630234709 0.16909535734670711 0.047638689932207816 0.087574620163882441 0.21169056279711868 0.23977343868604159 0.02393667196291693 0 0.1275539680454929 0.069426680709318067 0.13569279543750046 0.017490758207988417 0.120087931911455 0.026571681415256336 0.055691955139201554 0.014900367993717988 0.11759296540572325 0 0.12516001529332468 0.1766282525907874 0.071032190650511196 0 0.17926253101010076 0.1625616506597112 0.20235689550523353 0.12927758738144648 0.074902311900963567 0 0.051669708825406599 0.084549950161906348 0.028063719669093844 0.14995998908591116 0.14632106392589986 0.038157056323895995 0.11078633986005587 0.08136664469771894 0.059982285123620346 0.070094810473867633 0.16333038525113061 0.015626917006966355 0.096583617529853283 0.19751277092604211 0.11843222897807831 0.22142496968141009 0.088353079746513047 0.14532310257246556 0.076131118833946396 0.20789471137206736 0 0 0 0.27043903781620293 0.19563551908130306 0.13130423594086518 0.10768949818500957 0.12219628543012749 0 0.16593892836917221 0.15921603295633202 0.19973560007447999 0.071805263797064228 0 0.013193523873639474 0.10192592584218754 0 0.073878879339038597 0.045301589920252121 0.12107467720644284 0 0.13356249580959151 0.1164473989676955 0.048460777094853608 0.09761322030807322 0.16016539266631763 0 0 0 0.13223104702490501 0.095747542427039298 0 0.14746973394075832 0.016263183577501616 0.085205263072494389 0.13283881496268171 0.04047324580722797
 0.10440187231989954 0.028932021487636971 0 0.038055902595577555 0 0.15222669015249915 0.17469643708088653 0 0 0.13565121419894724 0 0.24188969209129296 0.023653560967108848 0.026929555739190852 0.056228407457164904 0.01743463651224899 0.056746778708676233 0.037419611452774254 0.14766734049155425 0.02784582632727281 0 0.11264097441116508 0 0.069458983980756409 0.21004438241636908 0.04382663299024335 0.046294999829498217 0.063712763603599398 0.049665043098566154 0.016831862266833694 0.017483824303229398 0.17577947754062334 0.020678398993011715 0.10201162093465797 0.13415590564843646 0.072730453632041239 0.11224919827634429 0.024798913703225449 0.063555586038616455 0.013826153129008383 0.079850222021672079 0.17186175757713074 0.076803941697514658 0.090013646217922141 0.040103659988009806 0.12915925144978038 0.036372076847167194 0.033244424620251643 0.11044985182165183 0.24932716770441835 0.029218127604412322 0 0.0466251197604238 0.08614105366234405 0.15920757113828407 0.060868794532011355 0.032566690208699352 0.028675659618162274 0.11486273614577192 0 0.083308414081694801 0.055611776688482828 0.048832561973313732 0 0.027992424789040817 0.035842686076742722 0.096132549777139253 0 0.068256296155645352 0 0.10163260581720826 0 0.11291460669247193 0.12717884360408863 0 0.032902656150495979 0 0.038439133425258516 0.088278651028188174 0.17311954094654963 0.19606827297458645 0.021722417721986458 0.032272973209461063 0 0.064286069322500555 0 0.032182526321288762 0 0.035962201995232403 0.072447227516205109 0.066636574913852345 0.081232184258828458 0.023242940852719447 0 0 0.014200240194759503 0.030794923009084419 0.07341081568554006
 0.054202001590291142 0 0.16669801365180215 0.050257045933044329 0 0.034595122000015667 0.050445556029318772 0.11368936553783705 0.13565121419894724 0 0.14442540198836612 0.20366993955973359 0 0.11372202360964764 0.080256840970750615 0.13915966570043597 0.17124884231188311 0.025695454712366818 0.31297047447183807 0 0 0.033150912648974691 0.030873612350306189 0.014554908153880082 0.099207890178566585 0.08697859193403519 0.015973802695574777 0 0.075025358338046383 0.15209196888268661 0.11445022765377094 0.04325163033497699 0.19102731616475141 0.21542700137963489 0.053574678368962209 0.077235701530345771 0.032912026281541641 0.092128492360517983 0.026935187063015988 0.035061206579998894 0.11048629414154158 0.045818120901148937 0.24155960951937469 0.093552468892120891 0.12743875707091881 0.050547355116630478 0.04024326791051562 0.03695141566775878 0.055556043768444689 0.14651346994703399 0.10112761690485775 0.12029308931519644 0.029961977878202706 0.26110804392996145 0.037684681016287594 0 0.033712433657169374 0.20011105655075503 0.18657141158430204 0.026221320695202364 0.13083922642944054 0.067686362666024499 0.094192555503854372 0 0.041068132148725754 0.12184472898320893 0.084225782367212551 0.10730800032006768 0 0 0.14570051084553676 0.15428763977431037 0 0.28586279225817351 0 0.024192568930780298 0.03652545945081101 0.027624140800807585 0.077929260099634051 0.065252546948200998 0.20330596092970851 0.31198609565474472 0.015880010216733458 0 0.031236892830703484 0.13479452362769601 0.033704599777538799 0 0.11489087618903042 0.32990212318178475 0.053703394567786479 0 0.070581727336564037 0.10624344135975425 0 0.063478848018460321 0.071618471670225919 0.10672754709316436
 0.12907489135564812 0.11745258429434452 0.065190650176027598 0.016713372087671523 0 0.25762286753408659 0.03126339166978475 0 0 0.14442540198836612 0 0.096517283624025008 0.079366707840016384 0.059833425988401752 0.095510209622470393 0.36787299029516424 0 0.13843280817834616 0.14638536664508045 0.069532135780030022 0 0.081315365793923997 0.21004322601911232 0.078404583688314877 0 0.045721987568031683 0.080886867885093416 0.20487167739432399 0.06722946383437578 0.056617261740520321 0.082412886914634456 0.13632641504128654 0.046632310162952689 0.16323896458201065 0.23694529928706115 0.26530630728348303 0.034210945963925238 0.028424163525945716 0.038409954474643127 0.065092645599752058 0.034027165694425779 0.064117094217161497 0 0.017120873308429128 0 0 0.093918937887436479 0.18927756273945107 0.12991209027235709 0.18719594507120638 0.15280155314414723 0.030097096691963404 0.046907142982605503 0.15259943350529248 0.075353630641340444 0.047474193949959595 0.045940994004927155 0.19346357149418503 0.10926576580866007 0.15935418252734224 0.055703208119427229 0.075582422115559891 0.11507567455771811 0 0.045531173623153835 0 0.11015966760772516 0.016216605438183665 0 0 0.049045704871849255 0.11598682217814725 0.03471357788474165 0.11541687479489728 0 0.042318894379886583 0.07718545806356765 0.063809861063131273 0.054195747845290736 0.069974220297640527 0.044912780182052074 0.075546852815436896 0.022367698205232142 0.18448476496653529 0.18092429376234051 0.1541443426309162 0.047171287297420594 0 0.056531913976517627 0.012320341668509736 0.059753923632394651 0.11821851757051574 0.053824021560502047 0.082278078789541825 0.11502500136617382 0.04232379484767583 0.16458200288591862 0
 0 0.015869005823277462 0.20264670406393029 0.091521265065959687 0 0.25152843941973063 0.022696510176764863 0 0.24188969209129296 0.20366993955973359 0.096517283624025008 0 0.096806544700201669 0.02364510058649405 0.081865160370024462 0.11473871581408081 0.14316721520969763 0.076091846456313519 0 0.099951821111938691 0 0.017441325197407875 0.12610889103730094 0.038909357059683097 0.20209498249698846 0.087866285108175804 0.039897062778729314 0.14000529416494784 0.028988300250575159 0.03120379186582688 0.040717611219841576 0 0.14414646353397589 0.055517912821211816 0.2627673456507767 0.069869377322052853 0.059446429950149385 0.041899159496122489 0.096720768077264818 0 0.057537317402531096 0.070717438666485374 0.087224644469575702 0.062169229412990148 0.098721904500179897 0.17588389181545153 0.11724362620151403 0.045931742026983385 0.14801965651351034 0.054334000318442134 0.10505682494711104 0.043992486798702664 0.034268301812058026 0.10088629200694678 0 0.05382037620440322 0.07878025109948554 0.087138981389091749 0 0.019058884175907669 0.097381317759062877 0.06118018159509795 0.026011106425119248 0 0.077179552151500033 0.20313978601714908 0.029264924824075816 0.047748846300412873 0 0 0.10511942116198988 0.060888605041567026 0.041123527824441224 0.041927752463652435 0 0.038021506869861929 0.046109447775242347 0.055562713427256889 0.01266410996619899 0.078428856864282734 0.1621514179774334 0.024965832849858208 0.14126154440937116 0.056069856597181757 0.01259228101128454 0.079999904169395925 0.097443018178959423 0 0.019452546995503077 0.014781526928375465 0 0.1321312303807311 0.066292976648821333 0.040342625020770316 0.09635392237686681 0.1201256998801366 0.11114926573722565 0.21538404956504806
 0.08917580115897325 0.07030568728715976 0.051867590133311992 0.03167368040837315 0 0.090868351021173382 0.25009773415243136 0.10567258314874475 0.023653560967108848 0 0.079366707840016384 0.096806544700201669 0 0.14673637757988206 0.10542576753907756 0.052333775259040032 0.088379189537000788 0.18528881801656508 0.14821698033715325 0.081872751587347706 0 0.10063543841897006 0 0.089980290465831114 0.056308124426342795 0.12379888198002895 0.042427839040257438 0.020851178331935033 0.069247235485130898 0.024815401446458482 0.069264216361750411 0.030786488871544608 0.032721352487757531 0.041701608214719181 0.035437520655147249 0.16833889757029882 0.14654039065455496 0.14915439736004837 0.055823753586569498 0 0.026941982167444464 0.15881754253212219 0.18439460460493057 0.10627076865341088 0.11620029337417137 0.27091625352260729 0.13007449649697025 0.029615986616572457 0 0.10182848378254764 0.085187692852995656 0.01254202744001448 0.047096425423877958 0 0.10654262711485697 0.087590871000997314 0.047102340580842041 0.048067778146950541 0.047755759836902695 0.065714465719371826 0.10368039884149582 0.12243764432833754 0.11167769770875463 0 0.20438318480894441 0.18048141655095939 0.11675598771182537 0.12978794152913056 0.058375205907977373 0 0.045351459921583459 0.036914649288916586 0.018085075271959745 0.058077496041879326 0 0.020219753704519582 0.022375163545847346 0.075079081415098434 0.12565263246634026 0.077136630165699729 0.040789862744780886 0.1129446584173434 0.19951096361891313 0.026568980385473014 0.078028572543905286 0.10155280663218365 0.029610946298560283 0 0.049196461175794792 0.034348968087588756 0.16360357871791562 0.032672513768899444 0.1294269704025868 0.17433624283633239 0.079964562925256721 0.097838125715262222 0.04260776081820309 0.014445804590757939
 0.046711252152338407 0.028961438613395125 0.083990873413280834 0.058155108356934791 0 0 0 0.112772630234709 0.026929555739190852 0.11372202360964764 0.059833425988401752 0.02364510058649405 0.14673637757988206 0 0.016860013580141543 0.028956372519860812 0.14538461228148078 0.11538563486585122 0.078677237469079925 0.15640581298107992 0 0.23008038212583304 0 0 0.2701088679723776 0.061410236441691447 0.046251511069181767 0.14155346938645882 0.056524614398096779 0.11327701249581724 0.049626140239014668 0.016917622662584616 0.02945550102756932 0.097241534917938813 0.021601901709774371 0.17846281980601525 0.073065936455526309 0.25799529939826593 0.038185776289810867 0.033317526360848268 0.090221485693114847 0.044886748710660736 0.019000753668809042 0 0.10317443745483323 0.066171675223711132 0.059599801948847675 0.10689846079427046 0.1614393276403798 0.042648710045495843 0.060653086386630618 0.2145604283607575 0.013475944454346783 0.14653927289258065 0.012981951884026137 0.063197722175881502 0.045505813953218684 0.073656658146803278 0.084683236328030945 0.049256195902006576 0.016936848772463681 0.11551922080893647 0.1332680689408787 0 0.057378817772267207 0.08014175964606389 0.093254668884783024 0.10376683145043701 0.10190631867425008 0 0.070054055882808122 0.14749201317401917 0 0.051324915362543466 0 0 0.022711003688702235 0.045599264798455781 0.017557974191277546 0.07351279069810604 0.17336653951891653 0.1114105349390585 0.083450990806921116 0.058853998779010278 0.13280556906005986 0.099651168617140518 0.066161161736181306 0 0.08584249444238097 0.12526009578535152 0.021380197795283284 0.031249230654440796 0.086202382759727386 0.077200275548315031 0 0.036965994209717766 0.11442341068295526 0.26714122756725367
 0.061431162787195327 0.057163369133710458 0.032350879538818891 0.045370502613579167 0 0.19475577579889225 0.17882571089080163 0.16909535734670711 0.056228407457164904 0.080256840970750615 0.095510209622470393 0.081865160370024462 0.10542576753907756 0.016860013580141543 0 0.20019415441843924 0 0.057846236225313749 0.15130807171250985 0.040737573441101828 0 0.11859073255641181 0.11917461793686614 0.17195085033046217 0 0.059307777042121729 0.16330174415440155 0.072106948647583338 0.1884153893881709 0.1568867685338857 0.10405350934139915 0.083635185274090473 0.020619398299339269 0.03459023379954837 0.12981817544708316 0.13780035124056272 0.13664589685419776 0.018815870088048726 0.044733159080087272 0.18101215319740369 0.17783785676282579 0.087218850782614252 0.043615878543765557 0.19898809354612759 0.041081794115709933 0 0.11917829431951725 0.076611084538138974 0.092374502888642032 0.023687013326847466 0 0.088115740030795572 0.14845718776590369 0.022340900735365099 0.20772388428598274 0.062472195363298351 0 0.016817373891485608 0.085491766519493778 0.079288068494962186 0.094772353566312667 0.093086724288858197 0.11531830052670129 0 0.12068020146823359 0.09377957715511058 0.070773797783466583 0.19382532513944745 0.04626701073935028 0 0.24484285031434019 0.026842801899318616 0.12156265432672766 0.17209504227235492 0 0.19240195959159928 0.060270953580001951 0.14036608655102081 0.26162114157211303 0.12043666378724888 0 0.053710799455535654 0.12693675005633734 0.037244812897036676 0.1559404631800051 0.07012535379975679 0.11354827653918249 0 0.19131886391279282 0.10296961736481929 0.099652780412895312 0.25302735137024707 0.016834457843721062 0.095981146929261574 0.034477018192740599 0.029992451579255668 0 0.082758900775213085
 0.074147995905150768 0.012422639637464625 0 0.1572787596303904 0 0.35084773707678363 0.060624098646179146 0.047638689932207816 0.01743463651224899 0.13915966570043597 0.36787299029516424 0.11473871581408081 0.052333775259040032 0.028956372519860812 0.20019415441843924 0 0.047904043745389167 0.28121310892373491 0.070135881891955312 0.16978333620190472 0 0.19730631802662602 0.14241530780523748 0.052093184850959033 0 0.076670353732723656 0 0.25371727710556979 0 0.16207951594374409 0.12546611231655327 0.117152393182178 0 0.067238276599615815 0.11448374750336221 0.15992418061263133 0.073384663973220951 0.036678576084418643 0.16950141780169692 0.020323627287240607 0.022376885788671124 0.029564198148970388 0 0.10704833190421309 0.24250793401092097 0.023324309461158949 0.090366818025809759 0.27740008081580692 0.013901629174567311 0.12914419482259476 0.12012837173963362 0.14666197381442583 0.04327734981671829 0.16244263555242916 0.057579537071822222 0.049404823505083399 0.054532335320281726 0.20715241923457947 0.01954302308011369 0.21792450971776953 0.12261924763085547 0.11641305541648131 0.040112208123395762 0 0.12652370591010181 0.018515965559335931 0.074433026176660394 0.1538087138382544 0.031212477985855931 0 0.037686082189849923 0.027334770701760908 0.038700375879975824 0.10090004833355518 0 0 0.052130369695588714 0.070122348247797048 0.22302531766867667 0.24922804927078682 0.15727481402659105 0.12801653277145811 0.075054347473834229 0.058915387032493674 0.1233476250566676 0 0.0972525291635188 0 0.041386506508564055 0.053333912271418489 0.014621817606079978 0.14162654076056252 0.16074214894995725 0 0.04559392991115839 0.062316304189895644 0.1019706643585772 0.057860802897395827
 0.13455293229214321 0.18628022626079782 0.064186525378615147 0.25292854189596953 0 0.034189833983426468 0.036704484973835133 0.087574620163882441 0.056746778708676233 0.17124884231188311 0 0.14316721520969763 0.088379189537000788 0.14538461228148078 0 0.047904043745389167 0 0.19798053194940027 0 0.13793542022256555 0 0.0215065528612805 0.17362360087456077 0.039634085595607854 0.11651119125570768 0 0.14819430168788819 0.10819103670618886 0.23889239852983182 0.077965389416564418 0 0.045714269928587535 0 0 0.072445836776680581 0.079091773992574985 0.029312892523256018 0.018236177290490683 0.012993751139020694 0.12568981885711772 0.13756727493294726 0.12674865480045508 0.072748604821613577 0.30658280058212289 0.032623488815285019 0.14242004301488137 0.20523453485936471 0.048799007556902557 0.36940262501193966 0.04939365325005985 0.22422194791148584 0.1557705146451534 0.16033110751693305 0.10911642421657433 0.022353856204985974 0.028660355525970502 0.051071050967620074 0.15275087788445488 0.14487296586038484 0 0.014807506648173215 0.022437170643581965 0.018905721802670354 0 0.02891507364133173 0 0.094194733384933102 0.096950908071002193 0.027237085507342638 0 0.012779835705187856 0.05250136990447251 0.18070825251696596 0 0 0.24154429291007351 0.041284609333012409 0.17939739003162858 0.17487423095867552 0.033093107299099957 0.1310090280605159 0.10805128754287435 0 0.16794147010383914 0.016869097119779925 0.18004944954095461 0.10282819946617634 0 0.27780477740692072 0.11540025275995323 0.13923778676527207 0.022832464067107039 0.094313894599952694 0.13127277189247633 0 0.11087611732729721 0.042533975298496757 0.022377760381793239
 0 0.078234655997634836 0.08682003967463417 0.20374704120682785 0 0.087254938051761308 0.013600272789638899 0.21169056279711868 0.037419611452774254 0.025695454712366818 0.13843280817834616 0.076091846456313519 0.18528881801656508 0.11538563486585122 0.057846236225313749 0.28121310892373491 0.19798053194940027 0 0.02295069268199431 0.026037488724594954 0 0.17117793669219672 0.097003163259352918 0.11015907393863049 0.081259751503144059 0.039797756266016435 0.048729729125675969 0 0.03712919142335612 0.01448498747705276 0.10580818703001421 0.11234536064361625 0.097158370459518112 0 0.09882453605865428 0.20235515291476391 0.04624040818315539 0 0.099835818580843255 0.075014040061616646 0.02452409608415777 0.099152699342455047 0 0.07318336397451268 0.041806388922621396 0.03361665328351672 0.12704662903136324 0.080020989222126304 0.062424596273362269 0.1192362737046456 0.018839509996293739 0.13993419049076153 0.020661478306638927 0.11040380239744503 0.17243701724315735 0.030414700422759556 0.025240439010372564 0.13591093900686424 0.14665563567617718 0.13045556461120106 0.048466865248113007 0.022546950104709414 0 0 0.042981412135012463 0.066760738653629678 0.17886864908841579 0.037681348255138129 0.061692006510548257 0 0.037932563985126844 0.14326761045397901 0.061435636553298922 0.048886808417670992 0 0.029437155389910662 0 0.039921921856055795 0.093353252370394796 0.023614004605129954 0.12946878268942333 0.11238734544633758 0.098011931081615433 0.11482804950032088 0 0.03077491979115975 0.11400618750228406 0 0.087179094664966997 0.16793560502083482 0.068397564132943608 0 0.1411152872061662 0.27637744917784857 0.048989012169105617 0.029934054101724911 0.10113605599311225 0.057927987823262174
 0 0.13877139980643874 0.1461467010146183 0.14616472057959318 0 0.018175902288841202 0.041005635191045393 0.23977343868604159 0.14766734049155425 0.31297047447183807 0.14638536664508045 0 0.14821698033715325 0.078677237469079925 0.15130807171250985 0.070135881891955312 0 0.02295069268199431 0 0 0 0 0.10839143279007239 0.14775109650313323 0.08686429351285338 0 0.16020659060205572 0.07771019924772328 0.087898225076525463 0.045912454072121606 0.1766513915462665 0.02946115025770699 0.14155820887067699 0.15329916425311632 0.14279191966045204 0.11399232814672051 0.0536843357297659 0.061777374958994213 0.09992710458371093 0.11137535266846584 0 0.077519774407578484 0.19399385242959952 0.1096459935485191 0.044742261298670143 0.063284620482665532 0.16839480129336407 0.29961276035573847 0.060331778096837069 0.17257723672443065 0.027013007109973251 0.17295037868917543 0.018126852729599102 0.17515807306709102 0.057568109245688164 0.077293579074397711 0.12507452473584371 0.064595669543622738 0.14254333657543211 0.10578973825670414 0.062870058660905892 0.062380484219369203 0.021372845629197394 0 0 0.16476178721300033 0.1096313490928717 0.12419932737262733 0.077181421826726701 0 0 0.030158417993829831 0.035699993836368057 0.19582735743437088 0 0.10040609327434709 0 0.11636659449017653 0.02796490559719764 0.10077980017220226 0.16728055396116565 0.23500052786179196 0.020795050187818132 0.20601007230063931 0 0.13570341512328868 0.025268828317481885 0 0.09128412811613161 0.14731255405964283 0.13598709933401137 0.03960224927608165 0.036677939998887348 0.15572736734467199 0.041796350203471951 0.016259728644635409 0.23633045331986768 0.16058649960529658
 0.15773812192967074 0.13474236314738613 0.070132173616594434 0.17445317202077837 0 0.11709020107394827 0 0.02393667196291693 0.02784582632727281 0 0.069532135780030022 0.099951821111938691 0.081872751587347706 0.15640581298107992 0.040737573441101828 0.16978333620190472 0.13793542022256555 0.026037488724594954 0 0 0 0.12104706741211814 0.077293426778491658 0 0.070320110426288995 0.012366546109096708 0.11349157353242245 0.052158027112750777 0.16948862985915905 0.12464262692511935 0.10640213532943131 0.17785425170079355 0.077390720799627735 0.11995773745365593 0 0.16748765888246261 0.058821801820368488 0.11626621177863289 0.013344802851577811 0.1616506721229013 0.1697310340394812 0.22277560606663968 0.048291274905147265 0.20684490659226698 0.087570800485133923 0 0.096605883697128456 0.13246874471394743 0 0.081201039979075601 0.046989533598183156 0.14405697949793145 0.051667573270360631 0.078624243197376792 0.23706728195842064 0 0.036488296266574377 0 0.014812894115146238 0.046884221915662813 0.11649997132157626 0.10993503488487961 0.11886834288002403 0 0.13211637928069206 0 0.080978940709391517 0.027677557328304323 0.042622535580726796 0 0 0.073155694922965378 0.023442412875611707 0.10193439886448084 0 0.10794176233664154 0.088164173797493917 0.025822703165085899 0.032405523219250415 0.29028424458058988 0.089293252775665327 0.12606654146908136 0.057795851145639163 0.019236593978107178 0.029979872663995349 0.074526800363964765 0.020757073577297145 0 0.19084456966411262 0 0.037217774240973334 0.12323473321171415 0.018846911395612828 0.12253279845245746 0.11624499169362991 0.12136906116838424 0.025577312617618402 0.12253584787759347
 0 0 0 0 0 0 0 0 0 0 0 0 0 0 0 0 0 0 0 0 0 0 0 0 0 0 0 0 0 0 0 0 0 0 0 0 0 0 0 0 0 0 0 0 0 0 0 0 0 0 0 0 0 0 0 0 0 0 0 0 0 0 0 0 0 0 0 0 0 0 0 0 0 0 0 0 0 0 0 0 0 0 0 0 0 0 0 0 0 0 0 0 0 0 0 0 0 0
 0.2460037003703909 0.11226436207205159 0.12526261657599594 0.062997317623137497 0 0.1167858260576484 0 0.1275539680454929 0.11264097441116508 0.033150912648974691 0.081315365793923997 0.017441325197407875 0.10063543841897006 0.23008038212583304 0.11859073255641181 0.19730631802662602 0.0215065528612805 0.17117793669219672 0 0.12104706741211814 0 0 0.22017840188363949 0.030366993012689424 0.032070215932414312 0.13997084948772062 0.10039813240216729 0.07869654473801263 0.15265171360016219 0.051534849804328334 0.037133442755488695 0.085388911545301704 0.057595852024758531 0.14172533544510704 0.066589829953450835 0.075519100895873784 0.23374117780252313 0 0.058817141519560932 0.031764617881960826 0.16864221375758071 0.10124681440693307 0.023467117559683615 0 0.042775304534480599 0 0.074840544949252935 0.058170795029644146 0.17401098924025138 0 0.093636764681854348 0.052069703175970178 0.11461315385206135 0.065620527063376774 0.092896759318299993 0.022069762420815275 0.032805871400881488 0.059113087174429133 0.072688855892478643 0.093798198698242213 0.075140871905851558 0.037788384478181343 0.13503854689214065 0 0.015128685945739311 0.25129607273598592 0.058388084749855997 0.06899329354237542 0.059855870279708769 0 0.083166657238394712 0.13530520428298445 0.048211436827844879 0.11361915159182816 0 0.11986367756561618 0.11793517910443457 0.055988098505416639 0.22226574025671864 0.10468047476430431 0.25804681055944223 0.07546982958969653 0.074764205055869115 0.17253406724453565 0.32642687970804518 0.18336151594407427 0.077986026081318563 0 0.099196069081611285 0 0.078049191525989117 0.064352494103392985 0.014577356149570665 0.023867544090284774 0.036752782653813203 0.063451329210553062 0.038504370779032661 0.062945477215818835
 0.17362794777135099 0.068907143656800729 0.060501505375170371 0.22599486521992043 0 0.14762634350806181 0.090024373216923609 0.069426680709318067 0 0.030873612350306189 0.21004322601911232 0.12610889103730094 0 0 0.11917461793686614 0.14241530780523748 0.17362360087456077 0.097003163259352918 0.10839143279007239 0.077293426778491658 0 0.22017840188363949 0 0.022590765667876943 0.065932061585460167 0.033892852276087709 0.31257674890427262 0.17462110655185306 0.35661132194117023 0.078003256638092572 0.093140312994274083 0.078513560992202594 0.12148591000699079 0.20611200852843622 0.058290727969834491 0.023054098072541607 0.20883332304864663 0 0.034200942626251167 0.26278911804217875 0.22293634034406917 0.24077761744780601 0.07098682550572076 0.41931173528350513 0.019566068502939831 0.073040222468547716 0.12573949372195581 0.177432897938676 0.13502615859880668 0.029183558070688356 0.21154679593490297 0.035835773843259457 0.27748344109593359 0 0 0.12546661580467061 0.056785539047080766 0.096209722578818727 0.042010720487070892 0.19523113210315024 0.087549474099440763 0.034466231045450574 0.015207601964313786 0 0.014373938987689246 0.017891986377802014 0.082559005671687641 0.061123022733000597 0.12241772445262866 0 0.083293835251823711 0.05248713352283408 0.056423037990544725 0.13119704060878595 0 0.31652718814432579 0.1808047483961461 0.3074412025309573 0 0.042746229406498353 0.087208946313806573 0.093833150382772026 0.029296313311936918 0.046133315464649986 0.14917560215264528 0.27238518477803686 0.017354036139534429 0 0.37187908832814814 0.13226610974226097 0.1347408813102369 0.071233245250459418 0.20626435079874564 0.16634840936266035 0.069554541353873747 0.074530240322343691 0.015090110742031058 0.12755437070377112
 0.050312166307848696 0.027869233107105523 0.064246705152732619 0.12931807129585007 0 0.018688803235507961 0.01677679324932466 0.13569279543750046 0.069458983980756409 0.014554908153880082 0.078404583688314877 0.038909357059683097 0.089980290465831114 0 0.17195085033046217 0.052093184850959033 0.039634085595607854 0.11015907393863049 0.14775109650313323 0 0 0.030366993012689424 0.022590765667876943 0 0.022817172448151655 0.048642940410434307 0.031997645392943815 0.12807373108504178 0 0.023969132781483542 0.04098880500404755 0.059145843697004076 0.27753910637089524 0.062707576753279204 0.041302219027259945 0.054572170257362509 0.057466295783657355 0.11511215971010147 0.17049032296498698 0.038817249189285759 0.044828522048273964 0.14310558779838733 0.045060481594874573 0.12196321037817857 0.038106668011091353 0.045913648489976581 0.056585574568457163 0.039670598053442703 0.12356218199295248 0.26192816368952282 0.021758245725884875 0.080396109572756294 0.035700687204584573 0.061964769193918232 0.057977763779207908 0 0.086982413178069623 0.11386610044186132 0.11449923616663657 0 0.071043874519398809 0 0.013536935039408804 0 0.029883969454142005 0.074890709139070158 0.026187083086289999 0.066296070164721194 0.034534722017066762 0 0.028229407959856616 0.11242512966162486 0.065006651202518792 0.023780716417313372 0 0.016387039821480081 0.12161004290814384 0.015717175311308774 0.10797964132234321 0.048299772773082332 0.026705853206843631 0.18662515966161194 0.091599527070807388 0 0.060674443410721535 0.04188378433639009 0.10757213286014931 0 0.070132176555847206 0.077356067966626113 0.063205866031198571 0.049204009600938528 0.13963181910247574 0.050346500518166845 0.098794536116258325 0.11177230584060231 0.073188017079959547 0.054178939352900746
